Begin
1431
00110000
10000010 00000101 10010011
00110000 10000010 00000100 01111011
10100000 00000011
00000010 00000001
00000010

00000010 00010000
00001000 11101010 11101111 11101111 10101100 10100101 01100010 11100010 10011000 00001110 00001100 00111011 10011001 11100110 10100101 10100110

00110000 00001101
00000110 00001001
00101010 10000110 01001000 10000110 11110111 00001101 00000001 00000001 00001011
00000101 00000000

00110000 01110010 00110001 00001011 00110000 00001001 00000110 00000011 01010101 00000100 00000110 00010011 00000010 01000011 01001110 00110001 00100101 00110000 00100011 00000110 00000011 01010101 00000100 00001010 00010011 00011100 01010100 01110010 01110101 01110011 01110100 01000001 01110011 01101001 01100001 00100000 01010100 01100101 01100011 01101000 01101110 01101111 01101100 01101111 01100111 01101001 01100101 01110011 00101100 00100000 01001001 01101110 01100011 00101110 00110001 00011101 00110000 00011011 00000110 00000011 01010101 00000100 00001011 00010011 00010100 01000100 01101111 01101101 01100001 01101001 01101110 00100000 01010110 01100001 01101100 01101001 01100100 01100001 01110100 01100101 01100100 00100000 01010011 01010011 01001100 00110001 00011101 00110000 00011011 00000110 00000011 01010101 00000100 00000011 00010011 00010100 01010100 01110010 01110101 01110011 01110100 01000001 01110011 01101001 01100001 00100000 01010100 01001100 01010011 00100000 01010010 01010011 01000001 00100000 01000011 01000001 00110000 00011110 00010111 00001101 00110001 00111000 00110001 00110000 00110010 00110111 00110000 00110000 00110000 00110000 00110000 00110000 01011010 00010111 00001101 00110010 00110000 00110000 00110001 00110010 00110101 00110001 00110010 00110000 00110000
00110000 00110000 01011010 00110000 00011000 00110001 00010110 00110000 00010100 00000110 00000011 01010101 00000100 00000011 00010011 00001101 01110111 01110111 01110111 00101110 01111010 01101000 01100101 01101110 01101100 01111001 00101110 01100011 01101110 00110000 10000010 00000001 00100010 00110000 00001101 00000110 00001001 00101010 10000110 01001000 10000110 11110111 00001101 00000001 00000001 00000001 00000101 00000000 00000011 10000010 00000001 00001111 00000000 00110000 10000010 00000001 00001010 00000010 10000010 00000001 00000001 00000000 10110011 11110011 11001111 11111101 11110100 01101111 10111011 11111101 01000101 10000000 10101110 10000000 00000001 10001110 11011101 10000101 11110100 10000111 00011000 01000111 01010001 11111010 10100011 01101111 11110011 01100001 01000001 01000111 11001001 01011000 11011101 10110110 10000111 11100011 00011000 11011111 00000101 00101011 00010100 11111101 01101101 00110001 11100111 01111000 11101111 00000011 11001001 01010011 10110010 01011111 00010001 11111010 01001001 01010001 00101111 01010110 01010111 11000001 10000100 01011110 01111010 11111001 01111111 11000000 01010101 11101100 01100100 00100110 00001011 00000111 00101110 01100111 10011001 00011100 11000100 01100101 01100110 11011110 11001011 00110010 10101001 10100011 11101101 10010110 11100101 00011110 00001111 01000011 00110101 11011001 00010100 11010110 01001111 11111101 00100000 11101101 11111101 00001000 00101110 10110100 10101101 11111011 10010111 01000100 10100110 10011101 01011111 00000110 10011111 00100100 01111101 11011100 11001111 10010001 01000001 11001010 11111000 00100010 01001001 00111101 10101011 01000111 01110110 10010110 10001000 01111101 01101001 00111101 00100101
11000110 10110100 10000100 01101101 01101101 01000100 10110100 10110111 01000001 01100101 10001100 01010101 00010110 00110001 11000011 01010110 01010000 10101001 01001001 10110000 10010000 11100101 01000111 11101100 00110011 01011110 10000000 01011010 01111000 10011010 01110101 10010001 01101110 11111001 00010001 11111000 01100100 01101111 10110001 10010011 00110101 10111011 01111010 00001101 10110010 00100000 00101110 11001010 01101011 00111011 01100011 11000101 11101111 00111000 11101000 11000000 10110001 00000111 01110010 01111101 11000100 11000110 10110101 01011011 11110111 10011100 11100101 10101110 00111110 00011011 11001011 01111010 00011000 01101100 00111110 01001000 11101111 11011001 10001000 01100100 11010110 01100011 00100101 10100001 01010110 01000111 00000000 00001110 10101001 10001011 10101010 01101101 10101100 11010110 00011001 11001000 10101010 10101111 11011010 10010101 00101000 11000000 01010100 00110010 10010000 00001100 01101011 10010100 00011111 00010000 11001101 00010110 10000111 00100010 10101001 01101111 01100101 01110000 10101100 01010101 10101101 01011010 10100011 11010101 10111000 10010111 10101011 00000010 00000011 00000001 00000000 00000001 10100011 10000010 00000010 01111101 00110000 10000010 00000010 01111001 00110000 00011111 00000110 00000011 01010101 00011101 00100011 00000100 00011000 00110000 00010110 10000000 00010100 01111111 11010011 10011001 11110011 10100000 01000111 00001110 00110001 00000000 01010110 01010110 00100010 10001110 10110111 11001100 10011110 11011101 11001010 00000001 10001010 00110000 00011101 00000110 00000011 01010101 00011101 00001110 00000100 00010110 00000100 00010100 10000011 10101101 01100010 10001111 11110011 01010110 11000100
00011011 11110011 00100110 01011110 00111110 01001111 01011111 00001001 10010000 00011110 01111100 11111110 10111111 00110000 00100011 00000110 00000011 01010101 00011101 00010001 00000100 00011100 00110000 00011010 10000010 00001101 01110111 01110111 01110111 00101110 01111010 01101000 01100101 01101110 01101100 01111001 00101110 01100011 01101110 10000010 00001001 01111010 01101000 01100101 01101110 01101100 01111001 00101110 01100011 01101110 00110000 00001110 00000110 00000011 01010101 00011101 00001111 00000001 00000001 11111111 00000100 00000100 00000011 00000010 00000101 10100000 00110000 00011101 00000110 00000011 01010101 00011101 00100101 00000100 00010110 00110000 00010100 00000110 00001000 00101011 00000110 00000001 00000101 00000101 00000111 00000011 00000001 00000110 00001000 00101011 00000110 00000001 00000101 00000101 00000111 00000011 00000010 00110000 01001100 00000110 00000011 01010101 00011101 00100000 00000100 01000101 00110000 01000011 00110000 00110111 00000110 00001001 01100000 10000110 01001000 00000001 10000110 11111101 01101100 00000001 00000010 00110000 00101010 00110000 00101000 00000110 00001000 00101011 00000110 00000001 00000101 00000101 00000111 00000010 00000001 00010110 00011100 01101000 01110100 01110100 01110000 01110011 00111010 00101111 00101111 01110111 01110111 01110111 00101110 01100100 01101001 01100111 01101001 01100011 01100101 01110010 01110100 00101110 01100011 01101111 01101101 00101111 01000011 01010000 01010011 00110000 00001000 00000110 00000110 01100111 10000001 00001100 00000001 00000010 00000001 00110000 10000001 10000001 00000110 00001000 00101011 00000110 00000001 00000101 00000101 00000111 00000001 00000001 00000100 01110101 00110000
01110011 00110000 00100101 00000110 00001000 00101011 00000110 00000001 00000101 00000101 00000111 00110000 00000001 10000110 00011001 01101000 01110100 01110100 01110000 00111010 00101111 00101111 01101111 01100011 01110011 01110000 00110010 00101110 01100100 01101001 01100111 01101001 01100011 01100101 01110010 01110100 00101110 01100011 01101111 01101101 00110000 01001010 00000110 00001000 00101011 00000110 00000001 00000101 00000101 00000111 00110000 00000010 10000110 00111110 01101000 01110100 01110100 01110000 00111010 00101111 00101111 01100011 01100001 01100011 01100101 01110010 01110100 01110011 00101110 01100100 01101001 01100111 01101001 01110100 01100001 01101100 01100011 01100101 01110010 01110100 01110110 01100001 01101100 01101001 01100100 01100001 01110100 01101001 01101111 01101110 00101110 01100011 01101111 01101101 00101111 01010100 01110010 01110101 01110011 01110100 01000001 01110011 01101001 01100001 01010100 01001100 01010011 01010010 01010011 01000001 01000011 01000001 00101110 01100011 01110010 01110100 00110000 00001001 00000110 00000011 01010101 00011101 00010011 00000100 00000010 00110000 00000000 00110000 10000010 00000001 00000100 00000110 00001010 00101011 00000110 00000001 00000100 00000001 11010110 01111001 00000010 00000100 00000010 00000100 10000001 11110101 00000100 10000001 11110010 00000000 11110000 00000000 01110110 00000000 10100100 10111001 00001001 10010000 10110100 00011000 01011000 00010100 10000111 10111011 00010011 10100010 11001100 01100111 01110000 00001010 00111100 00110101 10011000 00000100 11111001 00011011 11011111 10111000 11100011 01110111 11001101 00001110 11001000 00001101 11011100 00010000 00000000 00000000 00000001 01100110 10110011
10000110 00010011 10101001 00000000 00000000 00000100 00000011 00000000 01000111 00110000 01000101 00000010 00100001 00000000 11011010 10100011 01110011 00100110 01001001 11101100 00001110 01100100 01000010 01001000 10011111 00000000 10111010 01101110 11011001 11111010 00011100 10000101 11001010 10101010 11011011 10101101 10100101 00010110 01010111 00101010 01000111 00100111 00111111 00101011 00101110 10111011 00000010 00100000 01101010 01001110 01001000 00100000 01110100 10010111 00110011 11111100 11101001 10100100 00000000 00100101 11000101 11001110 10111110 01111000 11011001 11111101 01101000 01100110 01011000 00111011 11100001 11111000 10011000 00011000 01001110 11110100 10100110 01001110 00101011 10100101 00000000 01110110 00000000 10000111 01110101 10111111 11100111 01011001 01111100 11111000 10001100 01000011 10011001 01011111 10111101 11110011 01101110 11111111 01010110 10001101 01000111 01010110 00110110 11111111 01001010 10110101 01100000 11000001 10110100 11101010 11111111 01011110 10100000 10000011 00001111 00000000 00000000 00000001 01100110 10110011 10000110 00010100 10010000 00000000 00000000 00000100 00000011 00000000 01000111 00110000 01000101 00000010 00100000 00111111 00100111 11100001 10011110 11001100 01100101 00101110 00111100 11010110 01100111 11001111 01111000 11110101 00001011 00000011 10010000 11111010 01111100 00001000 10110101 00010001 00101001 11000001 10000101 00100010 00100001 00010000 00110110 00100001 11001000 01000000 11100101 00000010 00100001 00000000 10101101 00110110 11101101 10111110 00011000 11101110 10110110 10100110 11001101 11000000 11010100 10010110 01110100 01100010 00101011 10010111 11001100 11011001 10110101 11001111 00100111 10011010 10001010
01010010 01100001 10000100 01010111 00100010 01100000 11000110 10111001 01011110 00110000 00001101 00000110 00001001 00101010 10000110 01001000 10000110 11110111 00001101 00000001 00000001 00001011 00000101 00000000 00000011 10000010 00000001 00000001 00000000 01100011 10111111 00011010 11101100 00010100 00011001 11111100 00010101 11110110 00111111 11001111 00011111 00010011 10011010 01100111 11111010 01000111 01100000 01101101 10001101 01011010 10011101 01000101 00000100 11001110 01001110 11001101 01110110 10000110 10010110 11111100 01001111 01100010 00011101 11001010 10100000 11110000 01001110 00100100 10110011 10101101 11000101 11101110 10000101 11011001 11111110 10001100 01100100 00100000 00001110 01010000 10010111 11010101 01100010 00010001 11000101 00100000 11100011 01001100 01111011 10011000 10000010 01010111 10000010 00001110 10010101 00100111 00101101 10101000 10010100 11011111 00010110 00100000 01000111 10101001 10110010 01010011 01011000 01010110 11010011 00111001 00010001 11000010 01011010 01010111 00100000 11000001 10001100 11100111 00110001 01100010 01101010 00100101 01001100 10110001 00111000 00111001 10010111 00101110 01000001 01101101 01011000 11000110 10101100 00000010 00100011 01000101 11100101 11110010 01001101 00011111 10010010 00010110 01001001 11001000 10101001 01101110 11111100 10111101 00011010 11100001 11011101 11110000 00100101 01001101 11101000 01010111 01001101 10010011 00010000 01111100 00010000 01100011 00001010 00001010 10111110 01010001 01101000 11101100 11110001 10111110 11011010 11000111 01100101 00100010 10101000 01100001 01011100 00101010 01111101 01000000 11011101 00000010 00101000 11101110 10110011 00011101 10111001 01111000 00001101 10110100 01110110
00011100 01110010 10101101 10001001 11010101 01000100 00010010 01001011 01000010 10101010 00000111 01110111 00010100 01001101 00111000 11010101 10000001 01001011 11100101 00001001 11001100 00111101 10111010 11001010 11001001 10101010 10110110 10110001 01100000 00110100 01011101 10001001 10000110 11001111 01111000 10100111 10111111 10100101 10111000 10111110 10000101 00001011 10111001 00010100 00001111 10100111 00101101 01111010 01001100 11010000 00101111 11101110 10000110 00100000 00000010 11001111 10011101 11010001 00000001 00011000 10011010 11000000 10100001 10010101 10001010 10001111 11011000 11011100 00111010 01100000 10101101 01100111 01110010 01010110 10100101 00010000 11011101 11011001 10000001 11100101 00111110 01110010 10111010 11010110 10110001 11001101 10001011 00101100 00111010 00100001 10010000 00010000 00001010 00100111
End
Begin
1203
00110000 10000010 00000100 10101110 00110000 10000010 00000011 10010110 10100000 00000011 00000010 00000001 00000010 00000010 00010000 00000101 10000000 00100110 01111111 00000110 11110010 10010101 01010011 00110100 10001110 00011100 00011000 01011010 01011110 11101110 00101110 00110000 00001101 00000110 00001001 00101010 10000110 01001000 10000110 11110111 00001101 00000001 00000001 00001011 00000101 00000000 00110000 01100001 00110001 00001011 00110000 00001001 00000110 00000011 01010101 00000100 00000110 00010011 00000010 01010101 01010011 00110001 00010101 00110000 00010011 00000110 00000011 01010101 00000100 00001010 00010011 00001100 01000100 01101001 01100111 01101001 01000011 01100101 01110010 01110100 00100000 01001001 01101110 01100011 00110001 00011001 00110000 00010111 00000110 00000011 01010101 00000100 00001011 00010011 00010000 01110111 01110111 01110111 00101110 01100100 01101001 01100111 01101001 01100011 01100101 01110010 01110100 00101110 01100011 01101111 01101101 00110001 00100000 00110000 00011110 00000110 00000011 01010101 00000100 00000011 00010011 00010111 01000100 01101001 01100111 01101001 01000011 01100101 01110010 01110100 00100000 01000111 01101100 01101111 01100010 01100001 01101100 00100000 01010010 01101111 01101111 01110100 00100000 01000011 01000001 00110000 00011110 00010111 00001101 00110001 00110111 00110001 00110010 00110000 00111000 00110001 00110010 00110010 00111000 00110010 00110110 01011010 00010111 00001101 00110010 00110111 00110001 00110010 00110000 00111000 00110001 00110010 00110010 00111000 00110010 00110110 01011010 00110000 01110010 00110001 00001011 00110000 00001001 00000110 00000011 01010101 00000100 00000110 00010011 00000010 01000011
01001110 00110001 00100101 00110000 00100011 00000110 00000011 01010101 00000100 00001010 00010011 00011100 01010100 01110010 01110101 01110011 01110100 01000001 01110011 01101001 01100001 00100000 01010100 01100101 01100011 01101000 01101110 01101111 01101100 01101111 01100111 01101001 01100101 01110011 00101100 00100000 01001001 01101110 01100011 00101110 00110001 00011101 00110000 00011011 00000110 00000011 01010101 00000100 00001011 00010011 00010100 01000100 01101111 01101101 01100001 01101001 01101110 00100000 01010110 01100001 01101100 01101001 01100100 01100001 01110100 01100101 01100100 00100000 01010011 01010011 01001100 00110001 00011101 00110000 00011011 00000110 00000011 01010101 00000100 00000011 00010011 00010100 01010100 01110010 01110101 01110011 01110100 01000001 01110011 01101001 01100001 00100000 01010100 01001100 01010011 00100000 01010010 01010011 01000001 00100000 01000011 01000001 00110000 10000010 00000001 00100010 00110000 00001101 00000110 00001001 00101010 10000110 01001000 10000110 11110111 00001101 00000001 00000001 00000001 00000101 00000000 00000011 10000010 00000001 00001111 00000000 00110000 10000010 00000001 00001010 00000010 10000010 00000001 00000001 00000000 10100000 01011001 10101111 01010111 11111010 10011000 01111110 11000000 00001001 10111100 01100010 00011101 01000101 10010011 01010011 00100011 00101001 10110100 00111001 01000011 00000000 01001110 00111000 10100101 01011010 01100101 00011111 11001110 01111100 00101000 01111110 00010111 10100111 11111101 11011110 11101110 11101111 01100100 01110001 10011100 01010001 01001111 11100101 10111101 01010001 10100000 01010001 00001001 11011011 11001100 10011000 01010001 11010101 01000101 01110110 01111010
10010010 01011010 01111011 11101001 10111011 01110011 00011001 11010111 00100000 10100111 01000011 11010011 11110101 01010010 11110101 10111011 01000000 10000011 00000010 01101100 11001100 01100001 01101111 11000010 10001010 10010111 01111001 10100000 10101010 00010110 10000011 11111011 11010111 00000011 11100110 01011110 00111000 11010100 11000000 10110100 11111011 11010011 11101010 10101111 01011111 10001000 01011101 11001001 10000111 11001110 00100101 11001000 11011110 01001111 00111110 01010000 00101010 11011000 00111100 11001101 00001100 00110001 01101000 10101111 01110001 11100000 10010100 11111101 00001010 10000011 10100110 10100001 01010111 01010101 10000100 01000000 01000000 10001000 00111101 11000011 11000001 00011110 01011111 00010110 00000011 10000111 00001111 00001100 00000110 11000101 11010010 01010110 01010100 00011011 11100100 10110110 01111010 00000000 11001110 00110111 01010011 00101101 01110000 11011101 01101101 00100101 01000010 11100110 00110110 01110100 10111011 11001010 00101010 11110100 00011000 10010011 00001110 11111110 11100011 00000010 01011011 00000001 11100100 01011111 00011010 01100110 00001011 11010010 01100100 00110011 10010000 01111000 01011010 11110000 01101000 11100100 11011011 00101001 01100100 10000100 00100010 01110001 00100001 10011101 11001000 01001010 01100101 00110000 11110101 01110111 00111110 10011010 00000110 01011001 00110101 11000100 01100001 00001000 11100100 11110110 01010110 00000010 01110101 01000000 01101101 10101111 11101000 01111100 01111101 11110111 10010010 11011100 10100110 01101001 00110000 11101100 00010011 10101100 01010001 00001110 01110101 10111101 11101110 10010000 11100100 10001010 01100000 10010001 01101010 01001110 10000010
00010001 10110111 11011110 11011101 11010101 11110000 11101000 11100101 01111001 00000010 00000011 00000001 00000000 00000001 10100011 10000010 00000001 01001111 00110000 10000010 00000001 01001011 00110000 00011101 00000110 00000011 01010101 00011101 00001110 00000100 00010110 00000100 00010100 01111111 11010011 10011001 11110011 10100000 01000111 00001110 00110001 00000000 01010110 01010110 00100010 10001110 10110111 11001100 10011110 11011101 11001010 00000001 10001010 00110000 00011111 00000110 00000011 01010101 00011101 00100011 00000100 00011000 00110000 00010110 10000000 00010100 00000011 11011110 01010000 00110101 01010110 11010001 01001100 10111011 01100110 11110000 10100011 11100010 00011011 00011011 11000011 10010111 10110010 00111101 11010001 01010101 00110000 00001110 00000110 00000011 01010101 00011101 00001111 00000001 00000001 11111111 00000100 00000100 00000011 00000010 00000001 10000110 00110000 00011101 00000110 00000011 01010101 00011101 00100101 00000100 00010110 00110000 00010100 00000110 00001000 00101011 00000110 00000001 00000101 00000101 00000111 00000011 00000001 00000110 00001000 00101011 00000110 00000001 00000101 00000101 00000111 00000011 00000010 00110000 00010010 00000110 00000011 01010101 00011101 00010011 00000001 00000001 11111111 00000100 00001000 00110000 00000110 00000001 00000001 11111111 00000010 00000001 00000000 00110000 00110100 00000110 00001000 00101011 00000110 00000001 00000101 00000101 00000111 00000001 00000001 00000100 00101000 00110000 00100110 00110000 00100100 00000110 00001000 00101011 00000110 00000001 00000101 00000101 00000111 00110000 00000001 10000110 00011000 01101000 01110100 01110100 01110000 00111010 00101111 00101111 01101111
01100011 01110011 01110000 00101110 01100100 01101001 01100111 01101001 01100011 01100101 01110010 01110100 00101110 01100011 01101111 01101101 00110000 01000010 00000110 00000011 01010101 00011101 00011111 00000100 00111011 00110000 00111001 00110000 00110111 10100000 00110101 10100000 00110011 10000110 00110001 01101000 01110100 01110100 01110000 00111010 00101111 00101111 01100011 01110010 01101100 00110011 00101110 01100100 01101001 01100111 01101001 01100011 01100101 01110010 01110100 00101110 01100011 01101111 01101101 00101111 01000100 01101001 01100111 01101001 01000011 01100101 01110010 01110100 01000111 01101100 01101111 01100010 01100001 01101100 01010010 01101111 01101111 01110100 01000011 01000001 00101110 01100011 01110010 01101100 00110000 01001100 00000110 00000011 01010101 00011101 00100000 00000100 01000101 00110000 01000011 00110000 00110111 00000110 00001001 01100000 10000110 01001000 00000001 10000110 11111101 01101100 00000001 00000010 00110000 00101010 00110000 00101000 00000110 00001000 00101011 00000110 00000001 00000101 00000101 00000111 00000010 00000001 00010110 00011100 01101000 01110100 01110100 01110000 01110011 00111010 00101111 00101111 01110111 01110111 01110111 00101110 01100100 01101001 01100111 01101001 01100011 01100101 01110010 01110100 00101110 01100011 01101111 01101101 00101111 01000011 01010000 01010011 00110000 00001000 00000110 00000110 01100111 10000001 00001100 00000001 00000010 00000001 00110000 00001101 00000110 00001001 00101010 10000110 01001000 10000110 11110111 00001101 00000001 00000001 00001011 00000101 00000000 00000011 10000010 00000001 00000001 00000000 10101101 11011101 01010100 11101000 11111001 01110110 01011011 11111000 00110011
00110010 10110110 10001011 01101101 11110111 10010100 00110110 00101111 11001000 10011101 11101100 10010100 01010110 00110110 01011111 01100001 11001010 01001101 10000001 10101101 01111011 11001001 11011011 00101011 10101000 10111001 11111101 11111011 00000011 00100010 01100011 00011000 10001010 00010000 00100100 10100111 10100101 01011010 00110101 10001111 11011110 10011111 11000101 10011001 11100110 10100111 00101011 01000000 11110101 01001011 10111000 10011010 11001001 00001101 00100101 11010011 11010011 10000011 01100111 00110001 11100110 01001110 01000000 00110101 00101000 10001111 11110011 01000111 00000010 01100111 01011111 00001000 00010000 01111111 10000111 01010110 11011001 11100100 11100001 10001010 11101001 00100111 11110101 10000111 10010110 00110001 11111111 10011100 00010001 11100001 11111101 11010011 01010010 10000011 11100000 00011010 01011001 11010100 11101100 01001011 10001111 00100001 00100010 11001101 01110100 11000100 01100010 00001110 10110101 11100111 10110101 11000010 00100110 00001100 00001000 10010001 10111110 01001000 01111001 00011000 10011011 10000111 11100001 10000000 10010101 00010011 10100101 11000100 10011110 11011010 10011010 00110100 10001000 00000110 10010001 00011100 00110001 00101001 00101000 00100111 01010011 01110010 00011101 11011110 00101011 10000101 01101101 01101111 01000101 01010001 00001111 01010000 10101010 11010110 11110101 00011001 01111111 01110101 00000000 10011110 11100010 11100011 01011110 01110111 01001110 00101001 00000110 10000001 10000000 10011101 11000001 10001001 00000001 01010001 00010000 11111100 10000001 00100101 01011110 11110000 11100000 00011100 10100011 10100010 00011111 01100100 11100110 00101101 11111101 00110001 00110000
10001010 00101101 01001000 10111110 00101101 01000010 10101010 01111011 10010100 10010101 01101010 01101100 00010111 01010010 11011101 01000000 11010010 00011101 01111101 10110101 10110111 01001101 00100111 10110100 00000110 00010100 00011010 11101110 00100111 11011011 01010100 10000111 11101111 00111101 01100001 11011000 00111010 11101101 11101011 10010010 00001101 01011001 01111000 11001010 00111010 01011101 00010101 00111101 00000111 10001001 11111001 01010111 00100010 01011000 01000110 01100001 00111111
End
.\test.crt


// 长度字段，有两种编码格式。
// 若长度值小于等于127，则用一个字节表示，bit8 = 0, bit7-bit1 存放长度值；
// 若长度值大于127，则用多个字节表示，可以有2到127个字节。第一个字节的第8位为1，其它低7位给出后面该域使用的字节的数量，从该域第二个字节开始给出数据的长度，高位优先。
// 还有一种特殊情况，这个字节为0x80，表示数据块长度不定，由数据块结束标识结束数据块。

Begin
1431


30 82 05 93 // SEQUENCE类型(30), 长度的长度2(82),长度1427(0593) Certificate::

30 82 04 7b // SEQUENCE类型(30),长度的长度2(82),长度1147(047b) tbsCertificate::

a0 03       // 特殊内容-证书版本(a0),长度3(03) Version::
02 01       // 整数类型(02),长度1
02          // 版本：3(02)

02 10       // 整数类型(02),长度16(10) serialNumber::
08 ea ef ef ac a5 62 e2 98 0e 0c 3b 99 e6 a5 a6 //  序列号：08eaefefaca562e2980e0c3b99e6a5a6

30 0d       // SEQUENCE类型(30),长度13
06 09       // Object Identifier 类型(06)，长度9(09)
2a 86 48 86 f7 0d 01 01 0b // signature:: 签名算法
// https://crypto.stackexchange.com/questions/29115/how-is-oid-2a-86-48-86-f7-0d-parsed-as-1-2-840-113549
// 00101010 10000110 01001000 10000110 11110111 00001101 00000001 00000001 00001011
// 第一位表示是否为结束块，如果是1就和后面的连在一起，得到以下的7bit的9位东西
// 0101010 00001101001000 000011011101110001101 0000001 0000001 0001011
// 化为10进制
// 42 840 113549 1 1 11
// 对第一位特殊处理 42 = 40 * 1 + 2， 变成1 2（第一位 min([42/40], 2) 第二位 42 - 40 * 第一位 ）
// 1 2 840 113549 1 1 11
// {iso(1) member-body(2) us(840) rsadsi(113549) pkcs(1) pkcs-1(1) rsaEncryption(11)}
// https://www.alvestrand.no/objectid/1.2.840.113549.1.1.11.html
// 1.2.840.113549.1.1.11 - sha256WithRSAEncryption
05 00       // Null(05) 长度0(0)

30 72       // SEQUENCE类型(30), 长度114(72)

31 0b       // SET类型(31) 无序数列, 长度11(b)
30 09       // SEQUENCE类型(30) 长度9(09)
06 03       // Object Identifier 类型(06)，长度3(03)
55 04 06    // 2.5.4.6 - id-at-countryName
13 02       // Printable String类型(13) 长度2(02)
43 4e       // CN  C(43) N(4e) ASCII

31 25       // SET类型(31) 无序数列, 长度37(25)
30 23       // SEQUENCE类型(30), 长度35(23)
06 03       // Object Identifier 类型(06)，长度3(03)
55 04 0a    // 2.5.4.10 - id-at-organizationName
13 1c       // Printable String类型(13) 长度28(1c)
54 72 75 73 74 41 73 69 61 20 54 65 63 68 6e 6f 6c 6f 67 69 65 73 2c 20 49 6e 63 2e // TrustAsia Technologies, Inc.

31 1d       // SET类型(31) 无序数列, 长度29(1d)
30 1b       // SEQUENCE类型(30), 长度27(1b)
06 03       // Object Identifier 类型(06)，长度3(03)
55 04 0b    // 2.5.4.11 - id-at-organizationalUnitName
13 14       // Printable String类型(13) 长度20(14)
44 6f 6d 61 69 6e 20 56 61 6c 69 64 61 74 65 64 20 53 53 4c // Domain Validated SSL

31 1d       // SET类型(31) 无序数列, 长度29(1d)
30 1b       // SEQUENCE类型(30), 长度27(1b)
06 03       // Object Identifier 类型(06)，长度3(03)
55 04 03    // 2.5.4.3 - id-at-commonName
13 14       // Printable String类型(13) 长度20(14)
54 72 75 73 74 41 73 69 61 20 54 4c 53 20 52 53 41 20 43 41 // TrustAsia TLS RSA CA

30 1e       // SEQUENCE类型(30), 长度30(1e)
17 0d       // UTCTime类型(17), 长度13(0d)
31 38 31 30 32 37 30 30 30 30 30 30 5a // 181027000000Z

17 0d       // UTCTime类型(17), 长度13(0d)
32 30 30 31 32 35 31 32 30 30 30 30 5a // 200125120000Z

// Subject 信息
30 18       // SEQUENCE类型(30), 长度24(18)
31 16       // SET类型(31) 无序数列, 长度22(16)
30 14       // SEQUENCE类型(30), 长度20(14)
06 03       // Object Identifier 类型(06)，长度3(03)
55 04 03    // 2.5.4.3 - id-at-commonName
13 0d       // Printable String类型(13) 长度13(d)
77 77 77 2e 7a 68 65 6e 6c 79 2e 63 6e // www.zhenly.cn

30 82 01 22 // SEQUENCE类型(30), 长度的长度2(82), 长度290(0122)

30 0d       // SEQUENCE类型(30), 长度13(d)
06 09       // Object Identifier 类型(06)，长度9(09)
2a 86 48 86 f7 0d 01 01 01
// ‭00101010 10000110 01001000 10000110 ‭11110111‬ 00001101 00000001 00000001 00000001‬
// 0101010 00001101001000 000011011101110001101 0000001 0000001 0000001‬
// 42 840 113549 1 1 1
// 1.2.840.113549.1.1.1
// RSA encryption
05 00 // Null

03 82 01 0f  // BIT STRING类型， 长度的长度2(82), 长度‭271‬(010f)
00           // 开始 270位RSA公钥
30 82 01 0a 02 82 01 01 00 b3 f3 cf fd f4 6f bb fd 45 80 ae 80 01 8e dd 85 f4 87
18 47 51 fa a3 6f f3 61 41 47 c9 58 dd b6 87 e3 18 df 05 2b 14 fd 6d 31 e7 78 ef
03 c9 53 b2 5f 11 fa 49 51 2f 56 57 c1 84 5e 7a f9 7f c0 55 ec 64 26 0b 07 2e 67
99 1c c4 65 66 de cb 32 a9 a3 ed 96 e5 1e 0f 43 35 d9 14 d6 4f fd 20 ed fd 08 2e
b4 ad fb 97 44 a6 9d 5f 06 9f 24 7d dc cf 91 41 ca f8 22 49 3d ab 47 76 96 88 7d
69 3d 25 c6 b4 84 6d 6d 44 b4 b7 41 65 8c 55 16 31 c3 56 50 a9 49 b0 90 e5 47 ec
33 5e 80 5a 78 9a 75 91 6e f9 11 f8 64 6f b1 93 35 bb 7a 0d b2 20 2e ca 6b 3b 63
c5 ef 38 e8 c0 b1 07 72 7d c4 c6 b5 5b f7 9c e5 ae 3e 1b cb 7a 18 6c 3e 48 ef d9
88 64 d6 63 25 a1 56 47 00 0e a9 8b aa 6d ac d6 19 c8 aa af da 95 28 c0 54 32 90
0c 6b 94 1f 10 cd 16 87 22 a9 6f 65 70 ac 55 ad 5a a3 d5 b8 97 ab 02 03 01 00 01


a3 82 02 7d // 扩展字段(a3),长度的长度2(82),长度637(27d)

30 82 02 79 // SEQUENCE类型(30),长度的长度2(82), 长度‭633‬(279)

30 1f       // SEQUENCE类型(30),长度‭‭31‬‬(1f)
06 03       // Object Identifier 类型(06)，长度3(03)
55 1d 23
// ‭01010101 00011101 00100011‬
// ‭85‬ 29 35
// 2.5.29.35 - Authority Key Identifier

04 18       // OCTET STRING类型(04)，长度24(18)
30 16       // SEQUENCE类型(30),长度22(16)
80 14       // 表示证书的版本(80), 长度20(14)
7f d3 99 f3 a0 47 0e 31 00 56 56 22 8e b7 cc 9e dd ca 01 8a // 7fd399f3a0470e31005656228eb7cc9eddca018a

30 1d       // SEQUENCE类型(30),长度29‬‬(1d)
06 03       // Object Identifier 类型(06)，长度3(03)
55 1d 0e    // 2.5.29.14 - Subject Key Identifier

04 16       // OCTET STRING类型(04)，长度22(16)
04 14       // OCTET STRING类型(04)，长度20(14)
83 ad 62 8f f3 56 c4 1b f3 26 5e 3e 4f 5f 09 90 1e 7c fe bf // 83ad628ff356c41bf3265e3e4f5f09901e7cfebf

30 23       // SEQUENCE类型(30),长度35‬‬(23)
06 03       // Object Identifier 类型(06)，长度3(03)
55 1d 11    // 2.5.29.17 - Subject Alternative Name
04 1c       // OCTET STRING类型(04)，长度28(1c)
30 1a       // SEQUENCE类型(30),长度26‬‬(1a)
82 0d       // subjectUniqueID表示证书主体的唯一id(82),长度13(d)
77 77 77 2e 7a 68 65 6e 6c 79 2e 63 6e // www.zhenly.cn

82 09      // subjectUniqueID表示证书主体的唯一id(82),长度9(09)
7a 68 65 6e 6c 79 2e 63 6e // zhenly.cn

30 0e       // SEQUENCE类型(30),长度14‬‬(e)
06 03       // Object Identifier 类型(06)，长度3(03)
55 1d 0f    // 2.5.29.15 - Key Usage
01 01       // 布尔值类型(01)， 长度1(01)
ff          // true

04 04       // OCTET STRING类型(04)，长度4(04)
03 02 05 a0 // ???

30 1d       // SEQUENCE类型(30),长度29‬‬(1d)
06 03       // Object Identifier 类型(06)，长度3(03)
55 1d 25    // 2.5.29.37 - Extended key usage

04 16       // OCTET STRING类型(04)，长度22(16)
30 14       // SEQUENCE类型(30),长度20‬‬(14)
06 08       // Object Identifier 类型(06)，长度8(08)
2b 06 01 05 05 07 03 01
// 2b060105 05070301
// ‭00101011 00000110 00000001 00000101‬ 0000‭0101 00000111 00000011 00000001‬
// ‭0101011 0000110 0000001 0000101‬ 000‭0101 0000111 0000011 0000001‬
// 43 6 1 5 5 7 3 1
// 1.3.6.1.5.5.7.3.1 - id_kp_serverAuth

06 08       // Object Identifier 类型(06)，长度8(08)
2b 06 01 05 05 07 03 02 // 1.3.6.1.5.5.7.3.2 - id_kp_clientAuth

30 4c       // SEQUENCE类型(30),长度‭76‬(4c)
06 03       // Object Identifier 类型(06)，长度3(03)
55 1d 20    // 2.5.29.32 - Certificate Policies

04 45       // OCTET STRING类型(04)，长度69(45)
30 43       // SEQUENCE类型(30),长度‭67‬(43)
30 37       // SEQUENCE类型(30),长度‭55‬(37)
06 09       // Object Identifier 类型(06)，长度9(09)
60 86 48 01 86 fd 6c 01 02
// 60864801 86fd6c01 02
// ‭01100000 10000110 01001000 00000001‬ ‭10000110 11111101 01101100 00000001‬ 00000010
// ‭1100000 00001101001000 0000001‬ ‭000011011111011101100 0000001‬ 0000010
// 96 840 1 114412 1 2
// 2.16.840.1.114412.1.2 - Digicert EV

30 2a       // SEQUENCE类型(30),长度‭42(2a)
30 28       // SEQUENCE类型(30),长度‭40(28)
06 08       // Object Identifier 类型(06)，长度8
2b 06 01 05 05 07 02 01
// 2b060105 05070201
// 00101011 00000110 00000001 00000101 0000‭0101 00000111 00000010 00000001‬
// 0101011 0000110 0000001 0000101 000‭0101 0000111 0000010 0000001‬
// 43 6 1 5 5 7 2 1
// 1.3.6.1.5.5.7.2.1 - id-qt-cps: OID for CPS qualifier

16 1c       // IA5String类型(16),长度28
68 74 74 70 73 3a 2f 2f 77 77 77 2e 64 69 67 69 63 65 72 74 2e 63 6f 6d 2f 43 50 53 // https://www.digicert.com/CPS

30 08       // SEQUENCE类型(30),长度8
06 06       // Object Identifier 类型(06)，长度6
67 81 0c 01 02 01
// 67810c01 02 01
// 01100111 10000001 00001100 00000001 00000002 00000001
// 1100111 00000010001100 0000001 0000002 0000001
// 103 140 1 2 1
// 2.23.140.1.2.1 - domain-validated

30 81 81 // SEQUENCE类型(30),长度129
06 08
2b 06 01 05 05 07 01 01 // 1.3.6.1.5.5.7.1.1 - id-pe-authorityInfoAccess

04 75
30 73
30 25
06 08
2b 06 01 05 05 07 30 01 // 1.3.6.1.5.5.7.48.1 - OCSP

86 19 // 特殊IA5String类型(86),长度25
68 74 74 70 3a 2f 2f 6f 63 73 70 32 2e 64 69 67 69 63 65 72 74 2e 63 6f 6d // http://ocsp2.digicert.com

30 4a // 74
06 08
2b 06 01 05 05 07 30 02 // 1.3.6.1.5.5.7.48.2 - id-ad-caIssuers

86 3e // 特殊IA5String类型(86),长度62
68 74 74 70 3a 2f 2f 63 61 63
65 72 74 73 2e 64 69 67 69 74
61 6c 63 65 72 74 76 61 6c 69
64 61 74 69 6f 6e 2e 63 6f 6d
2f 54 72 75 73 74 41 73 69 61
54 4c 53 52 53 41 43 41 2e 63 72 74 // http://cacerts.digitalcertvalidation.com/TrustAsiaTLSRSACA.crt

30 09
06 03
55 1d 13 // 2.5.29.19 - Basic Constraints
04 02
30 00

30 82 01 04 // 206

06 0a
2b 06 01 04 01 d6 79 02 04 02
// 2b060104 01d67902 0402
// 00101011 00000110 00000001 00000100 00000001 11010110 01111001 00000010 00000100 00000010
// 0101011 0000110 0000001 0000100 0000001 10101101111001 0000010 0000100 0000010
// 43 6 1 4 1 11129 2 4 2
// 1.3.6.1.4.1.11129.2.4.2 - x.509 extension for certificate transparency SCTs

04 81 f5 // 245
04 81 f2 // 242
00 // 开始241个字符
f0 00 76 00 a4 b9 09 90 b4 18 58 14 87 bb 13 a2 cc 67 70 0a
3c 35 98 04 f9 1b df b8 e3 77 cd 0e c8 0d dc 10 00 00 01 66
b3 86 13 a9 00 00 04 03 00 47 30 45 02 21 00 da a3 73 26 49
ec 0e 64 42 48 9f 00 ba 6e d9 fa 1c 85 ca aa db ad a5 16 57
2a 47 27 3f 2b 2e bb 02 20 6a 4e 48 20 74 97 33 fc e9 a4 00
25 c5 ce be 78 d9 fd 68 66 58 3b e1 f8 98 18 4e f4 a6 4e 2b
a5 00 76 00 87 75 bf e7 59 7c f8 8c 43 99 5f bd f3 6e ff 56
8d 47 56 36 ff 4a b5 60 c1 b4 ea ff 5e a0 83 0f 00 00 01 66
b3 86 14 90 00 00 04 03 00 47 30 45 02 20 3f 27 e1 9e cc 65
2e 3c d6 67 cf 78 f5 0b 03 90 fa 7c 08 b5 11 29 c1 85 22 21
10 36 21 c8 40 e5 02 21 00 ad 36 ed be 18 ee b6 a6 cd c0 d4
96 74 62 2b 97 cc d9 b5 cf 27 9a 8a 52 61 84 57 22 60 c6 b9 5e

30 0d
06 09
2a 86 48 86 f7 0d 01 01 0b // 1.2.840.113549.1.1.11 - sha256WithRSAEncryption
05 00

03 82 01 01 // 257
00 // 开始256
63 bf 1a ec 14 19 fc 15 f6 3f cf 1f 13 9a 67 fa 47 60 6d 8d
5a 9d 45 04 ce 4e cd 76 86 96 fc 4f 62 1d ca a0 f0 4e 24 b3
ad c5 ee 85 d9 fe 8c 64 20 0e 50 97 d5 62 11 c5 20 e3 4c 7b
98 82 57 82 0e 95 27 2d a8 94 df 16 20 47 a9 b2 53 58 56 d3
39 11 c2 5a 57 20 c1 8c e7 31 62 6a 25 4c b1 38 39 97 2e 41
6d 58 c6 ac 02 23 45 e5 f2 4d 1f 92 16 49 c8 a9 6e fc bd 1a
e1 dd f0 25 4d e8 57 4d 93 10 7c 10 63 0a 0a be 51 68 ec f1
be da c7 65 22 a8 61 5c 2a 7d 40 dd 02 28 ee b3 1d b9 78 0d
b4 76 1c 72 ad 89 d5 44 12 4b 42 aa 07 77 14 4d 38 d5 81 4b
e5 09 cc 3d ba ca c9 aa b6 b1 60 34 5d 89 86 cf 78 a7 bf a5
b8 be 85 0b b9 14 0f a7 2d 7a 4c d0 2f ee 86 20 02 cf 9d d1
01 18 9a c0 a1 95 8a 8f d8 dc 3a 60 ad 67 72 56 a5 10 dd d9
81 e5 3e 72 ba d6 b1 cd 8b 2c 3a 21 90 10 0a 27

End
Begin
4b3
30 82 04 ae 30 82 03 96 a0 03 02 01 02 02 10 05 80 26 7f 06 f2 95 53 34 8e 1c 18 5a 5e ee 2e 30 0d 06 09 2a 86 48 86 f7 0d 01 01 0b 05 00 30 61 31 0b 30 09 06 03 55 04 06 13 02 55 53 31 15 30 13 06 03 55 04 0a 13 0c 44 69 67 69 43 65 72 74 20 49 6e 63 31 19 30 17 06 03 55 04 0b 13 10 77 77 77 2e 64 69 67 69 63 65 72 74 2e 63 6f 6d 31 20 30 1e 06 03 55 04 03 13 17 44 69 67 69 43 65 72 74 20 47 6c 6f 62 61 6c 20 52 6f 6f 74 20 43 41 30 1e 17 0d 31 37 31 32 30 38 31 32 32 38 32 36 5a 17 0d 32 37 31 32 30 38 31 32 32 38 32 36 5a 30 72 31 0b 30 09 06 03 55 04 06 13 02 43
4e 31 25 30 23 06 03 55 04 0a 13 1c 54 72 75 73 74 41 73 69 61 20 54 65 63 68 6e 6f 6c 6f 67 69 65 73 2c 20 49 6e 63 2e 31 1d 30 1b 06 03 55 04 0b 13 14 44 6f 6d 61 69 6e 20 56 61 6c 69 64 61 74 65 64 20 53 53 4c 31 1d 30 1b 06 03 55 04 03 13 14 54 72 75 73 74 41 73 69 61 20 54 4c 53 20 52 53 41 20 43 41 30 82 01 22 30 0d 06 09 2a 86 48 86 f7 0d 01 01 01 05 00 03 82 01 0f 00 30 82 01 0a 02 82 01 01 00 a0 59 af 57 fa 98 7e c0 09 bc 62 1d 45 93 53 23 29 b4 39 43 00 4e 38 a5 5a 65 1f ce 7c 28 7e 17 a7 fd de ee ef 64 71 9c 51 4f e5 bd 51 a0 51 09 db cc 98 51 d5 45 76 7a
92 5a 7b e9 bb 73 19 d7 20 a7 43 d3 f5 52 f5 bb 40 83 02 6c cc 61 6f c2 8a 97 79 a0 aa 16 83 fb d7 03 e6 5e 38 d4 c0 b4 fb d3 ea af 5f 88 5d c9 87 ce 25 c8 de 4f 3e 50 2a d8 3c cd 0c 31 68 af 71 e0 94 fd 0a 83 a6 a1 57 55 84 40 40 88 3d c3 c1 1e 5f 16 03 87 0f 0c 06 c5 d2 56 54 1b e4 b6 7a 00 ce 37 53 2d 70 dd 6d 25 42 e6 36 74 bb ca 2a f4 18 93 0e fe e3 02 5b 01 e4 5f 1a 66 0b d2 64 33 90 78 5a f0 68 e4 db 29 64 84 22 71 21 9d c8 4a 65 30 f5 77 3e 9a 06 59 35 c4 61 08 e4 f6 56 02 75 40 6d af e8 7c 7d f7 92 dc a6 69 30 ec 13 ac 51 0e 75 bd ee 90 e4 8a 60 91 6a 4e 82
11 b7 de dd d5 f0 e8 e5 79 02 03 01 00 01 a3 82 01 4f 30 82 01 4b 30 1d 06 03 55 1d 0e 04 16 04 14 7f d3 99 f3 a0 47 0e 31 00 56 56 22 8e b7 cc 9e dd ca 01 8a 30 1f 06 03 55 1d 23 04 18 30 16 80 14 03 de 50 35 56 d1 4c bb 66 f0 a3 e2 1b 1b c3 97 b2 3d d1 55 30 0e 06 03 55 1d 0f 01 01 ff 04 04 03 02 01 86 30 1d 06 03 55 1d 25 04 16 30 14 06 08 2b 06 01 05 05 07 03 01 06 08 2b 06 01 05 05 07 03 02 30 12 06 03 55 1d 13 01 01 ff 04 08 30 06 01 01 ff 02 01 00 30 34 06 08 2b 06 01 05 05 07 01 01 04 28 30 26 30 24 06 08 2b 06 01 05 05 07 30 01 86 18 68 74 74 70 3a 2f 2f 6f
63 73 70 2e 64 69 67 69 63 65 72 74 2e 63 6f 6d 30 42 06 03 55 1d 1f 04 3b 30 39 30 37 a0 35 a0 33 86 31 68 74 74 70 3a 2f 2f 63 72 6c 33 2e 64 69 67 69 63 65 72 74 2e 63 6f 6d 2f 44 69 67 69 43 65 72 74 47 6c 6f 62 61 6c 52 6f 6f 74 43 41 2e 63 72 6c 30 4c 06 03 55 1d 20 04 45 30 43 30 37 06 09 60 86 48 01 86 fd 6c 01 02 30 2a 30 28 06 08 2b 06 01 05 05 07 02 01 16 1c 68 74 74 70 73 3a 2f 2f 77 77 77 2e 64 69 67 69 63 65 72 74 2e 63 6f 6d 2f 43 50 53 30 08 06 06 67 81 0c 01 02 01 30 0d 06 09 2a 86 48 86 f7 0d 01 01 0b 05 00 03 82 01 01 00 ad dd 54 e8 f9 76 5b f8 33
32 b6 8b 6d f7 94 36 2f c8 9d ec 94 56 36 5f 61 ca 4d 81 ad 7b c9 db 2b a8 b9 fd fb 03 22 63 18 8a 10 24 a7 a5 5a 35 8f de 9f c5 99 e6 a7 2b 40 f5 4b b8 9a c9 0d 25 d3 d3 83 67 31 e6 4e 40 35 28 8f f3 47 02 67 5f 08 10 7f 87 56 d9 e4 e1 8a e9 27 f5 87 96 31 ff 9c 11 e1 fd d3 52 83 e0 1a 59 d4 ec 4b 8f 21 22 cd 74 c4 62 0e b5 e7 b5 c2 26 0c 08 91 be 48 79 18 9b 87 e1 80 95 13 a5 c4 9e da 9a 34 88 06 91 1c 31 29 28 27 53 72 1d de 2b 85 6d 6f 45 51 0f 50 aa d6 f5 19 7f 75 00 9e e2 e3 5e 77 4e 29 06 81 80 9d c1 89 01 51 10 fc 81 25 5e f0 e0 1c a3 a2 1f 64 e6 2d fd 31 30
8a 2d 48 be 2d 42 aa 7b 94 95 6a 6c 17 52 dd 40 d2 1d 7d b5 b7 4d 27 b4 06 14 1a ee 27 db 54 87 ef 3d 61 d8 3a ed eb 92 0d 59 78 ca 3a 5d 15 3d 07 89 f9 57 22 58 46 61 3f
End

30 82 05 93
